1 0 0
0 1 0
0 0 1
[0m[ INFO] [1686376134.405682758]: Opening /mnt/c/wslShared/Robotics/lidar/lidar-imu-slam/env_ws/bag/rad_test_1.bag[0m

Waiting 0.2 seconds after advertising topics... done.

Hit space to toggle paused, or 's' to step.
 [RUNNING]  Bag Time: 1673386712.021054   Duration: 0.000000 / 1079.140056                [RUNNING]  Bag Time: 1673386712.035209   Duration: 0.014155 / 1079.140056                [RUNNING]  Bag Time: 1673386712.055610   Duration: 0.034556 / 1079.140056                [RUNNING]  Bag Time: 1673386712.156942   Duration: 0.135889 / 1079.140056                [RUNNING]  Bag Time: 1673386712.167064   Duration: 0.146011 / 1079.140056                [RUNNING]  Bag Time: 1673386712.169787   Duration: 0.148733 / 1079.140056                [RUNNING]  Bag Time: 1673386712.173475   Duration: 0.152422 / 1079.140056                [RUNNING]  Bag Time: 1673386712.174675   Duration: 0.153621 / 1079.140056                [RUNNING]  Bag Time: 1673386712.174675   Duration: 0.153621 / 1079.140056                [RUNNING]  Bag Time: 1673386712.174675   Duration: 0.153621 / 1079.140056                [RUNNING]  Bag Time: 1673386712.174675   Duration: 0.153621 / 1079.140056                [RUNNING]  Bag Time: 1673386712.181145   Duration: 0.160091 / 1079.140056                [RUNNING]  Bag Time: 1673386712.181145   Duration: 0.160091 / 1079.140056                [RUNNING]  Bag Time: 1673386712.181145   Duration: 0.160091 / 1079.140056                [RUNNING]  Bag Time: 1673386712.185065   Duration: 0.164012 / 1079.140056                [RUNNING]  Bag Time: 1673386712.187512   Duration: 0.166458 / 1079.140056                [RUNNING]  Bag Time: 1673386712.187512   Duration: 0.166458 / 1079.140056                [RUNNING]  Bag Time: 1673386712.191270   Duration: 0.170216 / 1079.140056                [RUNNING]  Bag Time: 1673386712.191270   Duration: 0.170216 / 1079.140056                [RUNNING]  Bag Time: 1673386712.201369   Duration: 0.180315 / 1079.140056                [RUNNING]  Bag Time: 1673386712.201369   Duration: 0.180315 / 1079.140056                [RUNNING]  Bag Time: 1673386712.211459   Duration: 0.190406 / 1079.140056                [RUNNING]  Bag Time: 1673386712.215490   Duration: 0.194437 / 1079.140056                [RUNNING]  Bag Time: 1673386712.234107   Duration: 0.213054 / 1079.140056                [RUNNING]  Bag Time: 1673386712.236789   Duration: 0.215735 / 1079.140056                [RUNNING]  Bag Time: 1673386712.244404   Duration: 0.223351 / 1079.140056                [RUNNING]  Bag Time: 1673386712.254539   Duration: 0.233486 / 1079.140056                [RUNNING]  Bag Time: 1673386712.260670   Duration: 0.239617 / 1079.140056                [RUNNING]  Bag Time: 1673386712.264580   Duration: 0.243527 / 1079.140056               [0m[ INFO] [1686376134.726933221]: Transform Found![0m
[0m[ INFO] [1686376138.291183808]: IMU Initializing: 1.0 %[0m
[0m[ INFO] [1686376138.291494619]: Processing Frame: 1
[0m
Number of iterations till convergence: 0
 [RUNNING]  Bag Time: 1673386712.269909   Duration: 0.248855 / 1079.140056               -----------------------------------------------------------
Measured Imu:
      Gyro:     -0.0091404  -0.00411863 0.0123276  
Acc:      0.528419  -0.332667 9.4452   
-----------------------------------------------------------
Estimated Imu:
     Gyro:     -9.14285e-08 -4.11973e-08 1.23309e-07 
Acc:      4.75047e-05  -2.99067e-05 9.80016     
-----------------------------------------------------------
Bias Estimation
    -----------------------------------------------------------
Gyro bias: -9.14021e-08 -4.11855e-08 1.23274e-07 
Acc bias: 5.33114e-10  -3.35623e-10 -3.58153e-10
Mult bias: 1 1 1
-----------------------------------------------------------
Combined
           -----------------------------------------------------------
Gyro Combined: -1.82831e-07 -8.23828e-08 2.46583e-07 
Acc Combined: 4.75052e-05 -2.9907e-05 9.80016    
-----------------------------------------------------------
Dx_norm: 6.47316e-05
-----------------------------------

New Lidar_Imu Pose :
1    0    0    0.03
0    1    0    0   
0    0    1    0.07
0    0    0    1   
-----------------------------------

New Imu_world Pose :
0.998486    0.000989184 0.0549934   0          
0.000989182 0.999354    -0.0359357  0          
-0.0549934  0.0359357   0.99784     0          
0           0           0           1          
-----------------------------------
 [RUNNING]  Bag Time: 1673386712.274683   Duration: 0.253629 / 1079.140056                [RUNNING]  Bag Time: 1673386712.285074   Duration: 0.264021 / 1079.140056                [RUNNING]  Bag Time: 1673386712.290031   Duration: 0.268977 / 1079.140056                [RUNNING]  Bag Time: 1673386712.293625   Duration: 0.272571 / 1079.140056                [RUNNING]  Bag Time: 1673386712.293625   Duration: 0.272571 / 1079.140056                [RUNNING]  Bag Time: 1673386712.293625   Duration: 0.272571 / 1079.140056                [RUNNING]  Bag Time: 1673386712.297513   Duration: 0.276459 / 1079.140056               Number of iterations till convergence: 499
-----------------------------------------------------------
Measured Imu:
      Gyro:     -0.00525452 0.000346926 0.00273548 
Acc:      0.520719  -0.345751 9.42974  
-----------------------------------------------------------
Estimated Imu:
     Gyro:     -2.61173e-05 1.67766e-06  1.36714e-05 
Acc:      0.042997   -0.0285479 9.76062   
-----------------------------------------------------------
Bias Estimation
    -----------------------------------------------------------
Gyro bias: -2.61023e-05 1.67668e-06  1.36636e-05 
Acc bias: 4.80138e-07  -3.18788e-07 -3.32531e-07
Mult bias: 1 1 1
-----------------------------------------------------------
Combined
           -----------------------------------------------------------
Gyro Combined: -5.22196e-05 3.35434e-06  2.7335e-05  
Acc Combined: 0.0429974  -0.0285483 9.7606    
-----------------------------------------------------------
Dx_norm: 0.000109298
-----------------------------------

New Lidar_Imu Pose :
1    0    0    0.03
0    1    0    0   
0    0    1    0.07
0    0    0    1   
-----------------------------------

New Imu_world Pose :
0.998486     0.000989452  0.0549934    -5.39471e-05
0.000988941  0.999354     -0.0359363   3.52521e-05 
-0.0549934   0.0359363    0.99784      -2.11906e-06
0            0            0            1           
-----------------------------------
 [RUNNING]  Bag Time: 1673386712.308042   Duration: 0.286988 / 1079.140056                [RUNNING]  Bag Time: 1673386712.311982   Duration: 0.290929 / 1079.140056                [RUNNING]  Bag Time: 1673386712.318179   Duration: 0.297125 / 1079.140056               Number of iterations till convergence: 499
-----------------------------------------------------------
Measured Imu:
      Gyro:     -0.00796776 -0.00270762 0.0112003  
Acc:      0.527764  -0.341552 9.45292  
-----------------------------------------------------------
Estimated Imu:
     Gyro:     -6.49258e-05 -1.16243e-05 6.84735e-05 
Acc:      0.0977553  -0.0639035 9.71719   
-----------------------------------------------------------
Bias Estimation
    -----------------------------------------------------------
Gyro bias: -6.48771e-05 -1.16137e-05 6.84181e-05 
Acc bias: 1.09053e-06 -7.129e-07  -7.0758e-07
Mult bias: 1 1 1
-----------------------------------------------------------
Combined
           -----------------------------------------------------------
Gyro Combined: -0.000129803 -2.3238e-05  0.000136892 
Acc Combined: 0.0977564  -0.0639042 9.71716   
-----------------------------------------------------------
Dx_norm: 0.00013039
-----------------------------------
 [RUNNING]  Bag Time: 1673386712.332497   Duration: 0.311444 / 1079.140056               
New Lidar_Imu Pose :
1    0    0    0.03
0    1    0    0   
0    0    1    0.07
0    0    0    1   
-----------------------------------

New Imu_world Pose :
0.998486     0.000990973  0.0549937    -0.000165835
0.000987486  0.999354     -0.0359373   0.000108376 
-0.0549938   0.0359372    0.99784      -5.07495e-06
0            0            0            1           
-----------------------------------
 [RUNNING]  Bag Time: 1673386712.342594   Duration: 0.321541 / 1079.140056                [RUNNING]  Bag Time: 1673386712.347432   Duration: 0.326378 / 1079.140056                [RUNNING]  Bag Time: 1673386712.352723   Duration: 0.331670 / 1079.140056                [RUNNING]  Bag Time: 1673386712.359858   Duration: 0.338804 / 1079.140056                [RUNNING]  Bag Time: 1673386712.362932   Duration: 0.341879 / 1079.140056               Number of iterations till convergence: 499
-----------------------------------------------------------
Measured Imu:
      Gyro:     -0.00509744 -0.00256303 0.0107655  
Acc:      0.521124  -0.331271 9.43773  
-----------------------------------------------------------
Estimated Imu:
     Gyro:     -8.90036e-05 -2.39558e-05 0.000120059 
Acc:      0.155433  -0.100327 9.67068  
-----------------------------------------------------------
Bias Estimation
    -----------------------------------------------------------
Gyro bias: -8.89269e-05 -2.39309e-05 0.000119944 
Acc bias: 1.73288e-06  -1.11854e-06 -1.11667e-06
Mult bias: 1 1 1
-----------------------------------------------------------
Combined
           -----------------------------------------------------------
Gyro Combined: -0.00017793  -4.78866e-05 0.000240003 
Acc Combined: 0.155435  -0.100328 9.67064  
-----------------------------------------------------------
Dx_norm: 0.000134193
 [RUNNING]  Bag Time: 1673386712.364864   Duration: 0.343810 / 1079.140056               -----------------------------------
 [RUNNING]  Bag Time: 1673386712.364864   Duration: 0.343810 / 1079.140056               
New Lidar_Imu Pose :
1    0    0    0.03
0    1    0    0   
0    0    1    0.07
0    0    0    1   
-----------------------------------

New Imu_world Pose :
0.998486     0.000992366  0.054994     -0.000336294
0.000986126  0.999354     -0.0359377   0.000219584 
-0.0549942   0.0359375    0.99784      -9.85579e-06
0            0            0            1           
-----------------------------------
 [RUNNING]  Bag Time: 1673386712.374472   Duration: 0.353419 / 1079.140056                [RUNNING]  Bag Time: 1673386712.384588   Duration: 0.363535 / 1079.140056                [RUNNING]  Bag Time: 1673386712.389714   Duration: 0.368660 / 1079.140056                [RUNNING]  Bag Time: 1673386712.393494   Duration: 0.372440 / 1079.140056                [RUNNING]  Bag Time: 1673386712.393494   Duration: 0.372440 / 1079.140056                [RUNNING]  Bag Time: 1673386712.393494   Duration: 0.372440 / 1079.140056                [RUNNING]  Bag Time: 1673386712.393494   Duration: 0.372440 / 1079.140056                [RUNNING]  Bag Time: 1673386712.397728   Duration: 0.376675 / 1079.140056               Number of iterations till convergence: 499
-----------------------------------------------------------
Measured Imu:
      Gyro:     -0.00788711 -0.00296743 0.0125214  
Acc:      0.497579  -0.348242 9.45411  
-----------------------------------------------------------
Estimated Imu:
     Gyro:     -0.000125955 -3.79688e-05 0.000178968 
Acc:      0.218308  -0.145905 9.61497  
-----------------------------------------------------------
Bias Estimation
    -----------------------------------------------------------
Gyro bias: -0.000125813 -3.79192e-05 0.000178749 
Acc bias: 2.43247e-06  -1.62567e-06 -1.51929e-06
Mult bias: 1 1 1
-----------------------------------------------------------
Combined
           -----------------------------------------------------------
Gyro Combined: -0.000251767 -7.5888e-05  0.000357718 
Acc Combined: 0.218311  -0.145907 9.61493  
-----------------------------------------------------------
Dx_norm: 0.000140609
-----------------------------------

New Lidar_Imu Pose :
1    0    0    0.03
0    1    0    0   
0    0    1    0.07
0    0    0    1   
-----------------------------------

New Imu_world Pose :
0.998486     0.000993522  0.0549944    -0.000785058
0.000985008  0.999354     -0.0359382   0.000513366 
-0.0549945   0.0359379    0.99784      -3.04792e-05
0            0            0            1           
 [RUNNING]  Bag Time: 1673386712.399802   Duration: 0.378748 / 1079.140056               -----------------------------------
 [RUNNING]  Bag Time: 1673386712.399802   Duration: 0.378748 / 1079.140056                [RUNNING]  Bag Time: 1673386712.411006   Duration: 0.389952 / 1079.140056                [RUNNING]  Bag Time: 1673386712.415762   Duration: 0.394709 / 1079.140056               Number of iterations till convergence: 499
-----------------------------------------------------------
Measured Imu:
      Gyro:     -0.00282519 -0.00239477 0.00506066 
Acc:      0.532307  -0.344099 9.47517  
-----------------------------------------------------------
Estimated Imu:
     Gyro:     -0.000138109 -4.89956e-05 0.000201231 
Acc:      0.276734  -0.182777 9.58108  
-----------------------------------------------------------
Bias Estimation
    -----------------------------------------------------------
Gyro bias: -0.000137942 -4.89234e-05 0.000200966 
Acc bias: 3.08236e-06  -2.03581e-06 -1.78795e-06
Mult bias: 1 1 1
-----------------------------------------------------------
Combined
           -----------------------------------------------------------
Gyro Combined: -0.000276051 -9.79191e-05 0.000402197 
Acc Combined: 0.276737  -0.182779 9.58103  
-----------------------------------------------------------
Dx_norm: 0.000119631
-----------------------------------

New Lidar_Imu Pose :
1    0    0    0.03
0    1    0    0   
0    0    1    0.07
0    0    0    1   
-----------------------------------
 [RUNNING]  Bag Time: 1673386712.429900   Duration: 0.408847 / 1079.140056               
New Imu_world Pose :
0.998486     0.000993315  0.0549948    -0.00111158 
0.000985206  0.999354     -0.0359377   0.000727215 
-0.0549949   0.0359375    0.99784      -6.06824e-05
0            0            0            1           
-----------------------------------
 [RUNNING]  Bag Time: 1673386712.429900   Duration: 0.408847 / 1079.140056                [RUNNING]  Bag Time: 1673386712.442105   Duration: 0.421052 / 1079.140056                [RUNNING]  Bag Time: 1673386712.451800   Duration: 0.430746 / 1079.140056                [RUNNING]  Bag Time: 1673386712.453461   Duration: 0.432407 / 1079.140056                [RUNNING]  Bag Time: 1673386712.456577   Duration: 0.435524 / 1079.140056               Dx norm: 0
-----------------------------------

New Lidar_Imu Pose :
1    0    0    0.03
0    1    0    0   
0    0    1    0.07
0    0    0    1   
 [RUNNING]  Bag Time: 1673386712.460252   Duration: 0.439199 / 1079.140056                [RUNNING]  Bag Time: 1673386712.460252   Duration: 0.439199 / 1079.140056               -----------------------------------

New Imu_world Pose :
0.998486     0.000993315  0.0549948    -0.00111158 
0.000985206  0.999354     -0.0359377   0.000727215 
-0.0549949   0.0359375    0.99784      -6.06824e-05
0            0            0            1           
-----------------------------------
 [RUNNING]  Bag Time: 1673386712.465127   Duration: 0.444073 / 1079.140056                [RUNNING]  Bag Time: 1673386712.465127   Duration: 0.444073 / 1079.140056                [RUNNING]  Bag Time: 1673386712.475158   Duration: 0.454105 / 1079.140056                [RUNNING]  Bag Time: 1673386712.485278   Duration: 0.464224 / 1079.140056                [RUNNING]  Bag Time: 1673386712.490039   Duration: 0.468986 / 1079.140056                [RUNNING]  Bag Time: 1673386712.493511   Duration: 0.472458 / 1079.140056                [RUNNING]  Bag Time: 1673386712.493511   Duration: 0.472458 / 1079.140056                [RUNNING]  Bag Time: 1673386712.493511   Duration: 0.472458 / 1079.140056                [RUNNING]  Bag Time: 1673386712.493511   Duration: 0.472458 / 1079.140056                [RUNNING]  Bag Time: 1673386712.493511   Duration: 0.472458 / 1079.140056                [RUNNING]  Bag Time: 1673386712.493511   Duration: 0.472458 / 1079.140056                [RUNNING]  Bag Time: 1673386712.501698   Duration: 0.480644 / 1079.140056                [RUNNING]  Bag Time: 1673386712.511857   Duration: 0.490803 / 1079.140056               [0m[ INFO] [1686376138.520639738]: [INFO] ........ Map Initialized ........[0m
Dx norm: 5.84268e-05
-----------------------------------
Matched points at first step
Matched Points
----------------------------------------
Source X       Source Y       Source Z       Target X       Target Y       Target Z       
----------------------------------------
0.09368        -3.472         0.6            0.1303         -3.514         0.6045         
-0.03904       -2.481         -2.134         -0.02955       -2.475         -2.13          
-0.357         -1.794         -2.123         -0.3498        -1.794         -2.122         
0.1127         -3.521         0.8606         0.1251         -3.531         0.8622         
----------------------------------------
Matched points at final step
Matched Points
----------------------------------------
Source X       Source Y       Source Z       Target X       Target Y       Target Z       
 [RUNNING]  Bag Time: 1673386712.515805   Duration: 0.494752 / 1079.140056               ----------------------------------------
-0.4205        -3.321         -0.373         -0.5203        -3.307         -0.49          
-0.2052        -3.229         -0.2467        -0.0772        -3.3           -0.2718        
----------------------------------------
-----------------------------------

New Lidar_Imu Pose :
0.9996    -0.001575 -0.02942  0.03     
0.002471  0.9995    0.03046   1.914e-10
0.02936   -0.03052  0.9991    0.07     
0         0         0         1        
-----------------------------------

New Imu_world Pose :
0.9992    -0.005645 0.03958   -0.06161 
0.006163  0.9999    -0.01296  0.01838  
-0.03951  0.0132    0.9991    -0.151   
0         0         0         1        
-----------------------------------
 [RUNNING]  Bag Time: 1673386712.532257   Duration: 0.511203 / 1079.140056                [RUNNING]  Bag Time: 1673386712.532257   Duration: 0.511203 / 1079.140056                [RUNNING]  Bag Time: 1673386712.542370   Duration: 0.521317 / 1079.140056                [RUNNING]  Bag Time: 1673386712.544680   Duration: 0.523626 / 1079.140056                [RUNNING]  Bag Time: 1673386712.544680   Duration: 0.523626 / 1079.140056                [RUNNING]  Bag Time: 1673386712.552495   Duration: 0.531442 / 1079.140056                [RUNNING]  Bag Time: 1673386712.552495   Duration: 0.531442 / 1079.140056                [RUNNING]  Bag Time: 1673386712.555385   Duration: 0.534332 / 1079.140056                [RUNNING]  Bag Time: 1673386712.555385   Duration: 0.534332 / 1079.140056                [RUNNING]  Bag Time: 1673386712.560535   Duration: 0.539481 / 1079.140056                [RUNNING]  Bag Time: 1673386712.560535   Duration: 0.539481 / 1079.140056                [RUNNING]  Bag Time: 1673386712.566941   Duration: 0.545887 / 1079.140056                [RUNNING]  Bag Time: 1673386712.566941   Duration: 0.545887 / 1079.140056               Invalid dyn_share
 [RUNNING]  Bag Time: 1673386712.571402   Duration: 0.550348 / 1079.140056                [RUNNING]  Bag Time: 1673386712.571402   Duration: 0.550348 / 1079.140056                [RUNNING]  Bag Time: 1673386712.577897   Duration: 0.556843 / 1079.140056                [RUNNING]  Bag Time: 1673386712.588026   Duration: 0.566972 / 1079.140056                [RUNNING]  Bag Time: 1673386712.590197   Duration: 0.569143 / 1079.140056                [RUNNING]  Bag Time: 1673386712.590197   Duration: 0.569143 / 1079.140056                [RUNNING]  Bag Time: 1673386712.590197   Duration: 0.569143 / 1079.140056                [RUNNING]  Bag Time: 1673386712.590197   Duration: 0.569143 / 1079.140056                [RUNNING]  Bag Time: 1673386712.602028   Duration: 0.580974 / 1079.140056                [RUNNING]  Bag Time: 1673386712.604464   Duration: 0.583410 / 1079.140056                [RUNNING]  Bag Time: 1673386712.604464   Duration: 0.583410 / 1079.140056                [RUNNING]  Bag Time: 1673386712.612102   Duration: 0.591049 / 1079.140056                [RUNNING]  Bag Time: 1673386712.615801   Duration: 0.594748 / 1079.140056               Dx norm: 9.902e-05
-----------------------------------
Matched points at first step
 [RUNNING]  Bag Time: 1673386712.634396   Duration: 0.613342 / 1079.140056               Matched Points
----------------------------------------
 [RUNNING]  Bag Time: 1673386712.634396   Duration: 0.613342 / 1079.140056               Source X       Source Y       Source Z       Target X       Target Y       Target Z       
----------------------------------------
-0.02424       -3.386         0.3195         -0.0283        -3.354         0.3552         
0.02742        -2.601         -2.238         -0.01269       -2.476         -2.132         
-0.2984        -1.926         -2.307         -0.345         -1.799         -2.128         
 [RUNNING]  Bag Time: 1673386712.644671   Duration: 0.623618 / 1079.140056               -0.02534       -3.396         0.8212         -0.01914       -3.386         0.8372         
----------------------------------------
 [RUNNING]  Bag Time: 1673386712.644671   Duration: 0.623618 / 1079.140056               Matched points at final step
Matched Points
----------------------------------------
Source X       Source Y       Source Z       Target X       Target Y       Target Z       
----------------------------------------
-0.08328       -3.225         0.4639         -0.03973       -3.343         0.355          
-0.5695        -2.181         -1.952         -0.4867        -2.198         -2.116         
 [RUNNING]  Bag Time: 1673386712.654788   Duration: 0.633735 / 1079.140056               -1.308         -2.191         -2.093         -0.4867        -2.198         -2.116         
-0.1176        -3.366         0.9441         -0.01914       -3.386         0.8372         
----------------------------------------
 [RUNNING]  Bag Time: 1673386712.660519   Duration: 0.639466 / 1079.140056               -----------------------------------

New Lidar_Imu Pose :
0.9983     -0.003218  -0.0582    0.03      
0.005147   0.9994     0.03301    -2.519e-10
0.05807    -0.03326   0.9978     0.07      
0          0          0          1         
-----------------------------------
 [RUNNING]  Bag Time: 1673386712.666854   Duration: 0.645800 / 1079.140056               
New Imu_world Pose :
0.9987     0.002175   0.05129    -0.05708  
-0.0002566 0.9993     -0.03737   0.001485  
-0.05134   0.03731    0.998      -0.0503   
0          0          0          1         
 [RUNNING]  Bag Time: 1673386712.666854   Duration: 0.645800 / 1079.140056               -----------------------------------
 [RUNNING]  Bag Time: 1673386712.677097   Duration: 0.656044 / 1079.140056                [RUNNING]  Bag Time: 1673386712.687173   Duration: 0.666120 / 1079.140056                [RUNNING]  Bag Time: 1673386712.690963   Duration: 0.669910 / 1079.140056                [RUNNING]  Bag Time: 1673386712.690963   Duration: 0.669910 / 1079.140056                [RUNNING]  Bag Time: 1673386712.690963   Duration: 0.669910 / 1079.140056                [RUNNING]  Bag Time: 1673386712.698730   Duration: 0.677677 / 1079.140056                [RUNNING]  Bag Time: 1673386712.708845   Duration: 0.687792 / 1079.140056                [RUNNING]  Bag Time: 1673386712.711331   Duration: 0.690278 / 1079.140056                [RUNNING]  Bag Time: 1673386712.711331   Duration: 0.690278 / 1079.140056                [RUNNING]  Bag Time: 1673386712.711331   Duration: 0.690278 / 1079.140056                [RUNNING]  Bag Time: 1673386712.755574   Duration: 0.734520 / 1079.140056                [RUNNING]  Bag Time: 1673386712.760721   Duration: 0.739667 / 1079.140056                [RUNNING]  Bag Time: 1673386712.765713   Duration: 0.744660 / 1079.140056                [RUNNING]  Bag Time: 1673386712.765713   Duration: 0.744660 / 1079.140056                [RUNNING]  Bag Time: 1673386712.765713   Duration: 0.744660 / 1079.140056                [RUNNING]  Bag Time: 1673386712.777038   Duration: 0.755985 / 1079.140056                [RUNNING]  Bag Time: 1673386712.781714   Duration: 0.760661 / 1079.140056                [RUNNING]  Bag Time: 1673386712.787112   Duration: 0.766059 / 1079.140056                [RUNNING]  Bag Time: 1673386712.791164   Duration: 0.770111 / 1079.140056                [RUNNING]  Bag Time: 1673386712.791164   Duration: 0.770111 / 1079.140056                [RUNNING]  Bag Time: 1673386712.791164   Duration: 0.770111 / 1079.140056                [RUNNING]  Bag Time: 1673386712.791164   Duration: 0.770111 / 1079.140056                [RUNNING]  Bag Time: 1673386712.802791   Duration: 0.781738 / 1079.140056                [RUNNING]  Bag Time: 1673386712.812911   Duration: 0.791857 / 1079.140056                [RUNNING]  Bag Time: 1673386712.812911   Duration: 0.791857 / 1079.140056                [RUNNING]  Bag Time: 1673386712.837579   Duration: 0.816525 / 1079.140056                [RUNNING]  Bag Time: 1673386712.837579   Duration: 0.816525 / 1079.140056                [RUNNING]  Bag Time: 1673386712.840995   Duration: 0.819942 / 1079.140056                [RUNNING]  Bag Time: 1673386712.848065   Duration: 0.827011 / 1079.140056                [RUNNING]  Bag Time: 1673386712.851056   Duration: 0.830002 / 1079.140056                [RUNNING]  Bag Time: 1673386712.851056   Duration: 0.830002 / 1079.140056                [RUNNING]  Bag Time: 1673386712.861783   Duration: 0.840730 / 1079.140056                [RUNNING]  Bag Time: 1673386712.863614   Duration: 0.842560 / 1079.140056                [RUNNING]  Bag Time: 1673386712.869484   Duration: 0.848431 / 1079.140056               Invalid dyn_share
 [RUNNING]  Bag Time: 1673386712.871905   Duration: 0.850852 / 1079.140056               Dx norm: 9.557e-05
-----------------------------------
Matched points at first step
Matched Points
 [RUNNING]  Bag Time: 1673386712.883622   Duration: 0.862568 / 1079.140056               ----------------------------------------
 [RUNNING]  Bag Time: 1673386712.883622   Duration: 0.862568 / 1079.140056               Source X       Source Y       Source Z       Target X       Target Y       Target Z       
----------------------------------------
-0.01511       -3.465         0.6736         0.1303         -3.514         0.6045         
 [RUNNING]  Bag Time: 1673386712.891166   Duration: 0.870112 / 1079.140056                [RUNNING]  Bag Time: 1673386712.891166   Duration: 0.870112 / 1079.140056               -0.3989        -2.752         -2.069         -0.4371        -2.721         -2.113         
-0.2833        -1.834         -2.087         -0.3374        -1.795         -2.123         
 [RUNNING]  Bag Time: 1673386712.891166   Duration: 0.870112 / 1079.140056               -0.01283       -3.505         0.9318         0.004098       -3.406         0.8404         
----------------------------------------
 [RUNNING]  Bag Time: 1673386712.891166   Duration: 0.870112 / 1079.140056               Matched points at final step
Matched Points
----------------------------------------
Source X       Source Y       Source Z       Target X       Target Y       Target Z       
----------------------------------------
-0.01167       -3.412         0.7031         -0.01914       -3.386         0.8372         
 [RUNNING]  Bag Time: 1673386712.904989   Duration: 0.883935 / 1079.140056               -0.4155        -2.734         -2.045         -0.4371        -2.721         -2.113         
-0.2951        -1.817         -2.077         -0.3374        -1.795         -2.123         
-0.007368      -3.449         0.9618         0.004098       -3.406         0.8404         
----------------------------------------
 [RUNNING]  Bag Time: 1673386712.910235   Duration: 0.889181 / 1079.140056               -----------------------------------

New Lidar_Imu Pose :
0.9975    -0.009356 -0.07058  0.03     
0.01169   0.9994    0.03278   2.781e-11
0.07023   -0.03353  0.997     0.07     
0         0         0         1        
-----------------------------------

New Imu_world Pose :
0.9973   0.01305  0.07237  -0.03118
-0.01089 0.9995   -0.03012 0.01356 
-0.07273 0.02925  0.9969   -0.07236
0        0        0        1       
-----------------------------------
 [RUNNING]  Bag Time: 1673386712.916235   Duration: 0.895182 / 1079.140056                [RUNNING]  Bag Time: 1673386712.935255   Duration: 0.914201 / 1079.140056                [RUNNING]  Bag Time: 1673386712.935255   Duration: 0.914201 / 1079.140056                [RUNNING]  Bag Time: 1673386712.935255   Duration: 0.914201 / 1079.140056               Dx norm: 8.61e-05
-----------------------------------
Matched points at first step
Matched Points
----------------------------------------
Source X       Source Y       Source Z       Target X       Target Y       Target Z       
----------------------------------------
-0.6001        -3.337         -0.1331        -0.5247        -3.319         -0.1764        
-0.5673        -2.768         -2.09          -0.5532        -2.704         -2.106         
 [RUNNING]  Bag Time: 1673386712.945366   Duration: 0.924313 / 1079.140056               -0.4028        -1.853         -2.143         -0.4167        -1.79          -2.126         
-0.7709        -3.892         -2.044         -0.7499        -3.822         -2.103         
----------------------------------------
Matched points at final step
Matched Points
----------------------------------------
Source X       Source Y       Source Z       Target X       Target Y       Target Z       
----------------------------------------
-0.5868        -3.073         0.01118        -0.4493        -2.989         -0.0129        
 [RUNNING]  Bag Time: 1673386712.955499   Duration: 0.934446 / 1079.140056               -0.638         -2.637         -1.979         -0.5625        -2.701         -2.104         
-0.4636        -1.732         -2.102         -0.422         -1.784         -2.119         
----------------------------------------
 [RUNNING]  Bag Time: 1673386712.961380   Duration: 0.940326 / 1079.140056               -----------------------------------
 [RUNNING]  Bag Time: 1673386712.961380   Duration: 0.940326 / 1079.140056               
New Lidar_Imu Pose :
0.9975    -0.009746 -0.0697   0.03     
0.012     0.9994    0.03195   5.766e-11
0.06935   -0.03271  0.9971    0.07     
0         0         0         1        
 [RUNNING]  Bag Time: 1673386712.968938   Duration: 0.947885 / 1079.140056               -----------------------------------
 [RUNNING]  Bag Time: 1673386712.968938   Duration: 0.947885 / 1079.140056               
New Imu_world Pose :
0.9974    0.01205   0.07094   -0.03265 
-0.009932 0.9995    -0.03015  0.01309  
-0.07127  0.02937   0.997     -0.0728  
0         0         0         1        
-----------------------------------
 [RUNNING]  Bag Time: 1673386712.968938   Duration: 0.947885 / 1079.140056               Dx norm: 3.992e-05
-----------------------------------
Matched points at first step
 [RUNNING]  Bag Time: 1673386712.976453   Duration: 0.955399 / 1079.140056                [RUNNING]  Bag Time: 1673386712.976453   Duration: 0.955399 / 1079.140056               Matched Points
----------------------------------------
Source X       Source Y       Source Z       Target X       Target Y       Target Z       
----------------------------------------
-0.006824      -3.394         0.4143         -0.0283        -3.354         0.3552         
-0.4069        -2.782         -2.102         -0.4066        -2.812         -2.133         
-0.2883        -1.864         -2.147         -0.3374        -1.795         -2.123         
-0.0002563     -3.431         0.9124         -0.004379      -3.42          0.9764         
 [RUNNING]  Bag Time: 1673386712.983172   Duration: 0.962119 / 1079.140056               ----------------------------------------
Matched points at final step
Matched Points
----------------------------------------
 [RUNNING]  Bag Time: 1673386712.990609   Duration: 0.969556 / 1079.140056                [RUNNING]  Bag Time: 1673386712.990609   Duration: 0.969556 / 1079.140056               Source X       Source Y       Source Z       Target X       Target Y       Target Z       
----------------------------------------
 [RUNNING]  Bag Time: 1673386712.990609   Duration: 0.969556 / 1079.140056               -0.5868        -3.073         0.01118        -0.4493        -2.989         -0.0129        
-0.638         -2.637         -1.979         -0.5625        -2.701         -2.104         
-0.4636        -1.732         -2.102         -0.422         -1.784         -2.119         
----------------------------------------
-----------------------------------

New Lidar_Imu Pose :
0.9975    -0.009765 -0.0697   0.03     
0.01202   0.9994    0.03195   5.849e-11
0.06935   -0.0327   0.9971    0.07     
0         0         0         1        
-----------------------------------
 [RUNNING]  Bag Time: 1673386713.003225   Duration: 0.982171 / 1079.140056               
New Imu_world Pose :
0.9974    0.01204   0.07093   -0.03279 
-0.009924 0.9995    -0.03014  0.01315  
-0.07125  0.02936   0.997     -0.07282 
0         0         0         1        
-----------------------------------
 [RUNNING]  Bag Time: 1673386713.003225   Duration: 0.982171 / 1079.140056               Dx norm: 6.208e-05
-----------------------------------
Matched points at first step
Matched Points
----------------------------------------
Source X       Source Y       Source Z       Target X       Target Y       Target Z       
----------------------------------------
-0.6019        -3.367         -0.1539        -0.5247        -3.319         -0.1764        
-0.08789       -2.544         -2.106         -0.1191        -2.479         -2.128         
-0.3708        -1.857         -2.153         -0.345         -1.799         -2.128         
-0.1383        -3.282         0.8743         -0.1592        -3.377         0.9496         
----------------------------------------
Matched points at final step
Matched Points
----------------------------------------
Source X       Source Y       Source Z       Target X       Target Y       Target Z       
 [RUNNING]  Bag Time: 1673386713.003225   Duration: 0.982171 / 1079.140056               ----------------------------------------
 [RUNNING]  Bag Time: 1673386713.003225   Duration: 0.982171 / 1079.140056                [RUNNING]  Bag Time: 1673386713.003225   Duration: 0.982171 / 1079.140056               -0.5999        -3.357         -0.1495        -0.5247        -3.319         -0.1764        
-0.08907       -2.539         -2.105         -0.1191        -2.479         -2.128         
-0.3721        -1.851         -2.153         -0.345         -1.799         -2.128         
----------------------------------------
-----------------------------------

New Lidar_Imu Pose :
0.9975    -0.009851 -0.06966  0.03     
0.01209   0.9994    0.03187   5.996e-11
0.0693    -0.03263  0.9971    0.07     
0         0         0         1        
-----------------------------------

New Imu_world Pose :
0.9974    0.01211   0.07092   -0.03275 
-0.009989 0.9995    -0.03013  0.01317  
-0.07125  0.02934   0.997     -0.07266 
0         0         0         1        
-----------------------------------
 [RUNNING]  Bag Time: 1673386713.042070   Duration: 1.021016 / 1079.140056                [RUNNING]  Bag Time: 1673386713.052205   Duration: 1.031152 / 1079.140056                [RUNNING]  Bag Time: 1673386713.052205   Duration: 1.031152 / 1079.140056                [RUNNING]  Bag Time: 1673386713.056146   Duration: 1.035093 / 1079.140056                [RUNNING]  Bag Time: 1673386713.056146   Duration: 1.035093 / 1079.140056                [RUNNING]  Bag Time: 1673386713.059875   Duration: 1.038821 / 1079.140056                [RUNNING]  Bag Time: 1673386713.059875   Duration: 1.038821 / 1079.140056                [RUNNING]  Bag Time: 1673386713.059875   Duration: 1.038821 / 1079.140056                [RUNNING]  Bag Time: 1673386713.067611   Duration: 1.046557 / 1079.140056                [RUNNING]  Bag Time: 1673386713.067611   Duration: 1.046557 / 1079.140056                [RUNNING]  Bag Time: 1673386713.067611   Duration: 1.046557 / 1079.140056                [RUNNING]  Bag Time: 1673386713.074393   Duration: 1.053339 / 1079.140056                [RUNNING]  Bag Time: 1673386713.074393   Duration: 1.053339 / 1079.140056                [RUNNING]  Bag Time: 1673386713.078665   Duration: 1.057612 / 1079.140056                [RUNNING]  Bag Time: 1673386713.078665   Duration: 1.057612 / 1079.140056                [RUNNING]  Bag Time: 1673386713.081270   Duration: 1.060216 / 1079.140056                [RUNNING]  Bag Time: 1673386713.081270   Duration: 1.060216 / 1079.140056                [RUNNING]  Bag Time: 1673386713.081270   Duration: 1.060216 / 1079.140056                [RUNNING]  Bag Time: 1673386713.088942   Duration: 1.067888 / 1079.140056                [RUNNING]  Bag Time: 1673386713.090425   Duration: 1.069372 / 1079.140056                [RUNNING]  Bag Time: 1673386713.090425   Duration: 1.069372 / 1079.140056                [RUNNING]  Bag Time: 1673386713.090425   Duration: 1.069372 / 1079.140056                [RUNNING]  Bag Time: 1673386713.090425   Duration: 1.069372 / 1079.140056                [RUNNING]  Bag Time: 1673386713.090425   Duration: 1.069372 / 1079.140056                [RUNNING]  Bag Time: 1673386713.098634   Duration: 1.077581 / 1079.140056               Dx norm: 9.74e-05
-----------------------------------
Matched points at first step
 [RUNNING]  Bag Time: 1673386713.100250   Duration: 1.079197 / 1079.140056               Matched Points
----------------------------------------
Source X       Source Y       Source Z       Target X       Target Y       Target Z       
----------------------------------------
-0.01715       -3.39          0.6536         -0.009729      -3.385         0.7175         
 [RUNNING]  Bag Time: 1673386713.111761   Duration: 1.090708 / 1079.140056               0.009581       -2.542         -2.103         -0.01269       -2.476         -2.132         
-0.2991        -1.868         -2.151         -0.345         -1.799         -2.128         
-0.01272       -3.418         0.9101         0.007005       -3.404         0.9196         
----------------------------------------
Matched points at final step
Matched Points
----------------------------------------
Source X       Source Y       Source Z       Target X       Target Y       Target Z       
----------------------------------------
0.02562        -3.077         0.8613         -0.04772       -2.93          1.009          
-0.2048        -2.693         -1.988         -0.4371        -2.721         -2.113         
-0.3625        -1.979         -2.123         -0.345         -1.799         -2.128         
0.0649         -3.065         1.116          -0.04772       -2.93          1.009          
----------------------------------------
-----------------------------------

New Lidar_Imu Pose :
0.9978     -0.01016   -0.06553   0.03      
0.01212    0.9995     0.02956    -2.347e-10
0.0652     -0.03029   0.9974     0.07      
0          0          0          1         
