Current pose: 
1 0 0 0
0 1 0 0
0 0 1 0
0 0 0 1
Current pose: 
           1 -2.41076e-05 -2.99219e-05  0.000420093
 2.41055e-05            1 -7.03972e-05   0.00110263
 2.99235e-05  7.03965e-05            1  -0.00202344
           0            0            0            1
Current pose: 
           1 -4.57853e-05 -1.44206e-05   0.00280562
 4.57848e-05            1 -3.18353e-05   0.00241117
  1.4422e-05  3.18347e-05            1  -0.00057434
           0            0            0            1
Current pose: 
           1 -3.56904e-05 -1.56192e-05  -0.00460532
 3.56898e-05            1 -3.95586e-05   0.00578525
 1.56206e-05   3.9558e-05            1   -0.0012118
           0            0            0            1
Current pose: 
           1 -4.26619e-05 -1.32736e-05   -0.0023875
 4.26615e-05            1 -2.70009e-05   0.00312907
 1.32747e-05  2.70003e-05            1 -0.000454824
           0            0            0            1
Current pose: 
           1 -3.19769e-05 -2.89597e-05 -0.000971815
 3.19759e-05            1 -3.36053e-05   0.00111143
 2.89608e-05  3.36043e-05            1 -0.000893648
           0            0            0            1
Current pose: 
           1 -6.99597e-05 -2.37295e-05 -0.000272837
 6.99587e-05            1 -4.21902e-05 -0.000363496
 2.37325e-05  4.21886e-05            1  -0.00116592
           0            0            0            1
Current pose: 
           1 -9.71162e-05  -1.2126e-05  0.000790518
 9.71159e-05            1 -2.75403e-05  9.07539e-05
 1.21287e-05  2.75391e-05            1  -7.0416e-05
           0            0            0            1
Current pose: 
           1 -6.24434e-05  -2.3044e-05   0.00243257
 6.24424e-05            1   -4.014e-05  -0.00142754
 2.30465e-05  4.01386e-05            1 -0.000714281
           0            0            0            1
Current pose: 
           1 -5.78266e-05 -2.22674e-05  -0.00121391
 5.78259e-05            1 -3.18443e-05   0.00097169
 2.22692e-05   3.1843e-05            1 -0.000635169
           0            0            0            1
Current pose: 
           1 -6.18528e-05 -1.69518e-05 -0.000676547
 6.18521e-05            1  -3.6948e-05 -0.000832599
 1.69541e-05   3.6947e-05            1 -0.000905992
           0            0            0            1
Current pose: 
           1 -7.12211e-05 -1.62169e-05  -0.00174757
 7.12205e-05            1 -3.31913e-05  0.000799184
 1.62193e-05  3.31902e-05            1 -0.000752722
           0            0            0            1
Current pose: 
           1 -4.18343e-05 -2.14251e-05  0.000601869
 4.18334e-05            1 -4.11198e-05  0.000782064
 2.14268e-05  4.11189e-05            1  -0.00101776
           0            0            0            1
Current pose: 
           1 -1.65701e-05  -2.1317e-05  -0.00101153
 1.65692e-05            1 -4.18167e-05   0.00188718
 2.13177e-05  4.18164e-05            1 -0.000782538
           0            0            0            1
Current pose: 
           1 -4.97524e-05 -2.62544e-05  -0.00140388
 4.97514e-05            1 -3.72891e-05   0.00113989
 2.62563e-05  3.72878e-05            1  -0.00123271
           0            0            0            1
Current pose: 
           1 -3.24315e-05  -5.7908e-06  -0.00132015
 3.24314e-05            1  -1.6824e-05   0.00360928
 5.79135e-06  1.68238e-05            1  6.27091e-05
           0            0            0            1
Current pose: 
           1 -6.76345e-05 -8.47637e-06   0.00135664
 6.76343e-05            1 -2.58832e-05  0.000578236
 8.47812e-06  2.58826e-05            1 -0.000331539
           0            0            0            1
Current pose: 
           1  4.10333e-06 -2.28429e-05   -0.0041559
-4.10431e-06            1 -4.26786e-05   0.00265445
 2.28428e-05  4.26787e-05            1  -0.00136135
           0            0            0            1
Current pose: 
           1 -8.46898e-05 -2.89802e-05 -0.000286306
 8.46882e-05            1 -5.58391e-05   0.00114143
  2.8985e-05  5.58367e-05            1  -0.00165558
           0            0            0            1
Current pose: 
           1 -7.62533e-05 -1.68658e-05   0.00056061
 7.62528e-05            1 -3.15422e-05   0.00177113
 1.68682e-05  3.15409e-05            1 -0.000392871
           0            0            0            1
Current pose: 
           1 -6.26926e-05 -8.34842e-06 -0.000129665
 6.26924e-05            1 -2.75954e-05  0.000197812
 8.35015e-06  2.75949e-05            1  -0.00022321
           0            0            0            1
Current pose: 
           1 -5.75137e-05 -2.14035e-05  0.000137521
 5.75128e-05            1  -4.0485e-05   0.00212485
 2.14058e-05  4.04838e-05            1 -0.000947005
           0            0            0            1
Current pose: 
           1 -9.18085e-05 -1.95801e-05  0.000861324
 9.18077e-05            1 -3.97789e-05   0.00204913
 1.95838e-05  3.97771e-05            1  -0.00111244
           0            0            0            1
Current pose: 
           1 -6.44077e-05 -1.54086e-05  0.000878152
 6.44072e-05            1 -3.21515e-05   0.00141994
 1.54107e-05  3.21505e-05            1 -0.000522502
           0            0            0            1
Current pose: 
           1 -4.64626e-05  -1.8407e-05 -7.83216e-05
  4.6462e-05            1 -3.39732e-05   0.00189163
 1.84086e-05  3.39723e-05            1   -0.0006328
           0            0            0            1
Current pose: 
           1 -2.20944e-05  -2.3933e-05 -1.71105e-05
 2.20933e-05            1 -4.76932e-05   0.00340908
 2.39341e-05  4.76926e-05            1   -0.0013229
           0            0            0            1
Current pose: 
           1 -4.91182e-05 -2.64484e-05  -0.00201687
 4.91167e-05            1 -5.48022e-05   0.00121636
 2.64511e-05  5.48009e-05            1  -0.00166332
           0            0            0            1
Current pose: 
           1 -5.87849e-05 -2.11656e-05   0.00337305
 5.87841e-05            1 -3.58974e-05 -0.000439806
 2.11677e-05  3.58961e-05            1 -0.000649564
           0            0            0            1
Current pose: 
           1 -5.38299e-05 -1.95979e-05 -0.000572736
 5.38292e-05            1 -3.82805e-05   0.00125306
    1.96e-05  3.82795e-05            1  -0.00100682
           0            0            0            1
========
Acceleration norm  : 9.46859
========
Current pose: 
           1 -2.17972e-05 -2.52298e-05  2.37194e-06
  2.1796e-05            1 -4.56736e-05  4.61223e-06
 2.52308e-05   4.5673e-05            1   -0.0011749
           0            0            0            1
Current pose: 
           1  -6.1882e-05 -2.95548e-05  0.000852311
 6.18805e-05            1 -5.02487e-05   0.00132972
  2.9558e-05  5.02469e-05            1  -0.00168842
           0            0            0            1
Current pose: 
           1 -0.000120058 -1.86031e-05    0.0013007
 0.000120057            1 -3.63834e-05   0.00147194
 1.86075e-05  3.63812e-05            1 -0.000794632
           0            0            0            1
Current pose: 
           1 -5.29984e-05 -1.77116e-05  0.000435349
 5.29979e-05            1 -2.64092e-05   0.00126998
  1.7713e-05  2.64083e-05            1  -0.00048166
           0            0            0            1
Current pose: 
           1 -4.74786e-05 -2.29441e-05  -0.00100744
 4.74777e-05            1 -4.29635e-05   0.00528321
 2.29461e-05  4.29624e-05            1  -0.00135969
           0            0            0            1
Current pose: 
           1 -6.68045e-05 -1.88311e-05   0.00204871
 6.68038e-05            1 -3.62519e-05 -3.03362e-05
 1.88335e-05  3.62507e-05            1 -0.000824064
           0            0            0            1
Current pose: 
           1 -7.70791e-05 -1.09515e-05 -5.03797e-05
 7.70789e-05            1 -1.76124e-05     0.002301
 1.09528e-05  1.76115e-05            1 -9.08588e-05
           0            0            0            1
Current pose: 
           1 -7.43264e-05 -1.13361e-05   0.00184418
 7.43262e-05            1 -2.48741e-05   0.00177215
  1.1338e-05  2.48732e-05            1 -0.000333426
           0            0            0            1
Current pose: 
           1 -3.94512e-05 -2.65245e-05   0.00141566
   3.945e-05            1 -4.55803e-05   0.00405977
 2.65263e-05  4.55793e-05            1  -0.00145542
           0            0            0            1
Current pose: 
           1 -5.41242e-05 -1.96787e-05  0.000346422
 5.41234e-05            1 -3.96452e-05   0.00069492
 1.96808e-05  3.96441e-05            1 -0.000899774
           0            0            0            1
Current pose: 
           1 -1.67581e-05 -1.80024e-05  0.000266606
 1.67574e-05            1 -4.06651e-05   0.00161786
 1.80031e-05  4.06648e-05            1  -0.00110205
           0            0            0            1
Current pose: 
           1 -7.67645e-05 -1.21283e-05   0.00109683
 7.67641e-05            1 -2.69146e-05 -0.000123845
 1.21304e-05  2.69137e-05            1 -0.000313693
           0            0            0            1
Current pose: 
           1 -7.11075e-05 -1.47663e-05  -0.00131757
  7.1107e-05            1 -3.35823e-05  0.000483998
 1.47686e-05  3.35813e-05            1 -0.000728421
           0            0            0            1
Current pose: 
           1 -7.73803e-05 -1.63144e-05   0.00121706
 7.73798e-05            1 -2.90649e-05  0.000761237
 1.63166e-05  2.90637e-05            1 -0.000309645
           0            0            0            1
Current pose: 
           1 -4.06844e-05 -1.32565e-05  0.000325713
 4.06841e-05            1 -2.68031e-05    0.0029965
 1.32576e-05  2.68025e-05            1  -0.00020833
           0            0            0            1
Current pose: 
           1 -4.39378e-05 -1.76489e-05 -0.000460576
 4.39371e-05            1 -3.95432e-05   0.00314662
 1.76507e-05  3.95424e-05            1 -0.000783261
           0            0            0            1
Current pose: 
           1 -9.52527e-05 -1.71935e-05  0.000638155
 9.52521e-05            1 -3.35611e-05   0.00391984
 1.71967e-05  3.35594e-05            1 -0.000693428
           0            0            0            1
Current pose: 
           1 -7.30893e-05 -7.02721e-06   0.00139191
 7.30893e-05            1 -1.06101e-05   0.00351644
 7.02799e-06  1.06096e-05            1  0.000440581
           0            0            0            1
Current pose: 
           1 -3.20331e-05 -2.60304e-05 -0.000871144
 3.20319e-05            1 -4.71675e-05   0.00338739
 2.60319e-05  4.71666e-05            1   -0.0012989
           0            0            0            1
Current pose: 
           1 -7.94239e-05 -3.22179e-05 -0.000110007
 7.94222e-05            1 -5.29936e-05  0.000178693
 3.22221e-05  5.29911e-05            1  -0.00101609
           0            0            0            1
Current pose: 
           1 -5.13033e-05 -1.83141e-05  0.000272606
 5.13027e-05            1 -3.14694e-05   0.00237391
 1.83157e-05  3.14684e-05            1 -0.000371983
           0            0            0            1
Current pose: 
           1 -6.79925e-05 -2.15835e-05  -0.00053131
 6.79918e-05            1 -3.35925e-05  0.000835295
 2.15857e-05  3.35911e-05            1 -0.000310285
           0            0            0            1
Current pose: 
           1 -5.03137e-05 -1.65825e-05 -0.000454345
 5.03131e-05            1  -3.6534e-05   0.00102918
 1.65843e-05  3.65332e-05            1 -0.000724681
           0            0            0            1
Current pose: 
           1 -8.17631e-05 -2.14021e-05    0.0018823
 8.17621e-05            1 -4.24337e-05   0.00189354
 2.14056e-05   4.2432e-05            1 -0.000904089
           0            0            0            1
Current pose: 
           1 -5.63776e-05  -2.3759e-05  0.000617901
 5.63765e-05            1 -4.52289e-05   0.00297916
 2.37616e-05  4.52275e-05            1 -0.000850817
           0            0            0            1
Current pose: 
           1 -8.61438e-05 -1.27491e-05 -0.000702371
 8.61435e-05            1 -2.37789e-05   0.00171323
 1.27512e-05  2.37778e-05            1 -3.13612e-05
           0            0            0            1
Current pose: 
           1 -4.51141e-05 -9.52457e-06  -0.00165456
 4.51139e-05            1 -2.44671e-05   0.00215844
 9.52567e-06  2.44666e-05            1 -0.000305666
           0            0            0            1
Current pose: 
           1 -2.37109e-05 -1.82001e-05  4.01662e-05
 2.37103e-05            1 -3.51365e-05   0.00208114
  1.8201e-05  3.51361e-05            1 -0.000347036
           0            0            0            1
Current pose: 
           1 -3.91021e-05 -1.42742e-05  -0.00227983
 3.91016e-05            1 -3.44773e-05   0.00328415
 1.42756e-05  3.44767e-05            1 -0.000735711
           0            0            0            1
Current pose: 
           1 -6.67055e-05 -2.18548e-05  0.000326799
 6.67045e-05            1 -4.47014e-05   0.00210672
 2.18578e-05  4.46999e-05            1 -0.000541312
           0            0            0            1
Current pose: 
           1 -5.65966e-05 -1.66974e-05   0.00016609
  5.6596e-05            1 -3.45556e-05    0.0010381
 1.66994e-05  3.45546e-05            1 -0.000439218
           0            0            0            1
Current pose: 
           1 -8.24409e-05  -1.7766e-05  0.000928197
 8.24404e-05            1 -2.98793e-05  -0.00061642
 1.77685e-05  2.98778e-05            1 -3.28013e-05
           0            0            0            1
Current pose: 
           1 -7.87257e-05 -1.48804e-05   0.00171615
 7.87253e-05            1 -2.95897e-05 -0.000667085
 1.48828e-05  2.95885e-05            1 -0.000351107
           0            0            0            1
Current pose: 
           1 -7.09789e-05 -2.06892e-05 -0.000821516
 7.09781e-05            1 -4.08581e-05  2.21977e-05
 2.06921e-05  4.08567e-05            1 -0.000920511
           0            0            0            1
Current pose: 
           1 -7.84162e-05 -2.62504e-05   0.00170817
 7.84151e-05            1 -4.03527e-05   0.00509264
 2.62536e-05  4.03507e-05            1 -0.000630492
           0            0            0            1
Current pose: 
           1 -7.44146e-05 -2.81367e-05   0.00160804
 7.44132e-05            1  -4.9489e-05  0.000250651
 2.81404e-05  4.94869e-05            1 -0.000913628
           0            0            0            1
Current pose: 
           1 -4.45902e-05 -2.48093e-05  -0.00234688
 4.45892e-05            1 -4.07042e-05   0.00247787
 2.48111e-05  4.07031e-05            1 -0.000697467
           0            0            0            1
Current pose: 
           1 -6.98582e-05 -1.40009e-05  -0.00040241
 6.98578e-05            1 -2.77834e-05   0.00316798
 1.40029e-05  2.77824e-05            1 -0.000203667
           0            0            0            1
Current pose: 
           1 -5.92899e-05 -1.42618e-05  -0.00118297
 5.92895e-05            1 -2.60147e-05   0.00331936
 1.42633e-05  2.60138e-05            1  6.10962e-06
           0            0            0            1
Current pose: 
           1 -6.52519e-05  -1.4096e-05  3.18429e-05
 6.52515e-05            1 -3.15109e-05   0.00364378
 1.40981e-05    3.151e-05            1 -0.000456028
           0            0            0            1
Current pose: 
           1 -4.09206e-05 -1.94885e-05  -0.00105857
 4.09199e-05            1 -3.89413e-05   0.00170837
 1.94901e-05  3.89405e-05            1  -0.00090975
           0            0            0            1
Current pose: 
           1 -7.16218e-05 -1.96908e-05  0.000665594
 7.16211e-05            1 -3.24444e-05  0.000781556
 1.96931e-05   3.2443e-05            1  -0.00027025
           0            0            0            1
Current pose: 
           1 -9.21025e-05 -1.86771e-05  0.000985961
 9.21019e-05            1 -3.20733e-05  0.000346504
   1.868e-05  3.20716e-05            1 -0.000715977
           0            0            0            1
Current pose: 
           1 -7.95831e-05 -2.25072e-05  0.000372799
 7.95822e-05            1 -3.72075e-05  0.000660485
 2.25102e-05  3.72057e-05            1 -0.000571802
           0            0            0            1
Current pose: 
           1 -6.59413e-05 -1.59768e-05 -4.04304e-05
 6.59407e-05            1 -3.28745e-05  0.000261162
  1.5979e-05  3.28735e-05            1  -0.00072142
           0            0            0            1
Current pose: 
           1 -1.24869e-05 -2.17871e-05  -0.00123222
  1.2486e-05            1 -4.27238e-05  0.000868807
 2.17877e-05  4.27236e-05            1  -0.00110667
           0            0            0            1
Current pose: 
           1 -5.38734e-05 -1.76314e-05  -0.00140643
 5.38727e-05            1 -4.00945e-05  0.000727761
 1.76336e-05  4.00935e-05            1   -0.0011096
           0            0            0            1
Current pose: 
           1 -8.62647e-05 -1.62813e-05   -0.0013442
 8.62641e-05            1  -3.5894e-05 -0.000796591
 1.62844e-05  3.58926e-05            1 -0.000982096
           0            0            0            1
Current pose: 
           1 -8.40456e-05 -1.06436e-05 -0.000751227
 8.40453e-05            1 -2.39026e-05  0.000606098
 1.06456e-05  2.39017e-05            1 -0.000461565
           0            0            0            1
Current pose: 
           1 -6.27896e-05 -1.66202e-05 -0.000480838
 6.27891e-05            1 -3.36708e-05   0.00103507
 1.66223e-05  3.36698e-05            1 -0.000789974
           0            0            0            1
Current pose: 
           1 -5.44355e-05 -8.08225e-06 -0.000313083
 5.44354e-05            1 -2.21497e-05   0.00147009
 8.08346e-06  2.21492e-05            1 -0.000461079
           0            0            0            1
Current pose: 
           1 -5.74524e-05 -1.84699e-05 -0.000707567
 5.74517e-05            1  -3.2887e-05   0.00117205
 1.84718e-05   3.2886e-05            1 -0.000505885
           0            0            0            1
Current pose: 
           1 -4.68818e-05 -1.36718e-05 -0.000546013
 4.68814e-05            1 -3.03672e-05   0.00100328
 1.36732e-05  3.03665e-05            1 -0.000408657
           0            0            0            1
Current pose: 
           1 -2.26847e-05 -2.00025e-05  0.000610295
  2.2684e-05            1 -3.58351e-05   0.00185775
 2.00033e-05  3.58347e-05            1  -0.00078015
           0            0            0            1
Current pose: 
           1 -6.04701e-05 -2.25598e-05  8.60943e-05
 6.04692e-05            1  -3.9842e-05   0.00389278
 2.25622e-05  3.98407e-05            1 -0.000817809
           0            0            0            1
Current pose: 
           1 -5.88456e-05 -2.14058e-05 -4.06027e-05
 5.88449e-05            1 -3.30635e-05  0.000890135
 2.14077e-05  3.30623e-05            1 -0.000522465
           0            0            0            1
Current pose: 
           1 -7.33019e-05 -1.10687e-05  9.49287e-05
 7.33017e-05            1 -2.42881e-05   0.00129052
 1.10705e-05  2.42873e-05            1 -0.000301671
           0            0            0            1
Current pose: 
           1 -5.35401e-05 -2.16024e-05   -0.0037924
 5.35392e-05            1  -4.3969e-05    0.0028302
 2.16048e-05  4.39679e-05            1 -0.000929097
           0            0            0            1
Current pose: 
           1 -5.65319e-05 -1.40936e-05  0.000757272
 5.65315e-05            1 -2.91437e-05 -0.000341478
 1.40953e-05  2.91429e-05            1 -0.000102573
           0            0            0            1
Current pose: 
           1 -4.04297e-05 -2.45158e-05  -0.00197795
 4.04285e-05            1 -4.66379e-05   0.00224915
 2.45177e-05  4.66369e-05            1  -0.00117814
           0            0            0            1
Current pose: 
           1 -6.36182e-05 -3.11784e-05    0.0027754
 6.36165e-05            1 -5.43141e-05  0.000560336
 3.11819e-05  5.43121e-05            1  -0.00143484
           0            0            0            1
Current pose: 
           1 -4.27568e-05 -1.77237e-05  -0.00078596
 4.27562e-05            1 -3.12669e-05  0.000146252
 1.77251e-05  3.12661e-05            1 -0.000688616
           0            0            0            1
Current pose: 
           1 -4.47438e-05 -1.36892e-05  -0.00350948
 4.47434e-05            1 -2.67061e-05   0.00388237
 1.36904e-05  2.67055e-05            1  -0.00070748
           0            0            0            1
Current pose: 
           1 -4.29388e-05 -2.72903e-05 -0.000341486
 4.29373e-05            1 -5.36571e-05    0.0015075
 2.72926e-05   5.3656e-05            1  -0.00153552
           0            0            0            1
Current pose: 
           1 -5.85825e-05 -2.07808e-05  -0.00157929
 5.85816e-05            1 -4.23243e-05   0.00337123
 2.07833e-05  4.23231e-05            1  -0.00125299
           0            0            0            1
Current pose: 
           1 -8.16467e-05  -1.6335e-05   0.00116593
 8.16462e-05            1 -3.41376e-05 -0.000193696
 1.63378e-05  3.41363e-05            1 -0.000844864
           0            0            0            1
Current pose: 
           1 -7.35215e-05 -2.40423e-05  0.000812564
 7.35203e-05            1 -5.04281e-05  0.000620294
  2.4046e-05  5.04263e-05            1  -0.00134502
           0            0            0            1
Current pose: 
           1 -6.41655e-05 -3.42452e-05 -0.000369233
 6.41634e-05            1 -6.28217e-05   0.00232131
 3.42492e-05  6.28195e-05            1  -0.00194225
           0            0            0            1
Current pose: 
           1 -7.65503e-05 -2.45464e-05   0.00177181
 7.65489e-05            1  -5.5372e-05  -0.00155597
 2.45507e-05  5.53701e-05            1  -0.00121533
           0            0            0            1
Current pose: 
           1 -3.39368e-05 -1.41339e-05  0.000646849
 3.39364e-05            1 -3.07254e-05  0.000847131
 1.41349e-05   3.0725e-05            1 -0.000651028
           0            0            0            1
Current pose: 
           1 -9.34554e-05 -1.36154e-05   -0.0017509
  9.3455e-05            1 -3.32395e-05 -0.000771851
 1.36185e-05  3.32382e-05            1 -0.000742173
           0            0            0            1
Current pose: 
           1 -9.24228e-05 -1.84752e-05  0.000457084
 9.24221e-05            1 -3.53323e-05 -0.000849523
 1.84785e-05  3.53306e-05            1 -0.000838459
           0            0            0            1
Current pose: 
           1 -4.01732e-05 -1.39048e-05 -0.000756938
 4.01728e-05            1 -2.94706e-05   0.00228817
  1.3906e-05  2.94701e-05            1 -0.000690301
           0            0            0            1
Current pose: 
           1 -5.16699e-05 -2.30806e-05 -0.000704363
 5.16688e-05            1 -4.40998e-05   0.00265994
 2.30829e-05  4.40986e-05            1  -0.00118745
           0            0            0            1
Current pose: 
           1  -1.1272e-05 -2.26622e-05   0.00115361
 1.12711e-05            1 -3.97847e-05 -0.000828786
 2.26627e-05  3.97845e-05            1  -0.00101024
           0            0            0            1
Current pose: 
           1  -8.9136e-05   -1.604e-05 -0.000562286
 8.91354e-05            1 -3.43957e-05  0.000992709
  1.6043e-05  3.43943e-05            1 -0.000795507
           0            0            0            1
Current pose: 
           1 -6.44874e-05 -2.26073e-05 -0.000639143
 6.44866e-05            1 -3.78323e-05   0.00373365
 2.26098e-05  3.78309e-05            1  -0.00060311
           0            0            0            1
Current pose: 
           1 -4.90806e-05 -2.19938e-05 -0.000804276
 4.90798e-05            1 -3.51738e-05   0.00261657
 2.19955e-05  3.51727e-05            1 -0.000716001
           0            0            0            1
Current pose: 
           1 -5.98459e-05 -1.90065e-05  -0.00243667
 5.98452e-05            1 -3.87505e-05   0.00133491
 1.90088e-05  3.87494e-05            1  -0.00101776
           0            0            0            1
Current pose: 
           1 -9.07286e-05  -1.2353e-05 -4.21141e-05
 9.07283e-05            1 -2.25984e-05 -0.000609502
  1.2355e-05  2.25973e-05            1 -8.93528e-05
           0            0            0            1
Current pose: 
           1 -3.68499e-05 -1.70523e-05  -0.00219754
 3.68494e-05            1 -2.88124e-05   0.00345807
 1.70534e-05  2.88118e-05            1 -0.000595836
           0            0            0            1
Current pose: 
           1 -5.42783e-05 -1.36553e-05   0.00224694
 5.42779e-05            1 -2.90276e-05 -0.000559015
 1.36569e-05  2.90269e-05            1 -9.27217e-05
           0            0            0            1
Current pose: 
           1 -6.15828e-05 -1.88578e-05 -0.000263949
 6.15821e-05            1 -3.56372e-05   0.00166244
   1.886e-05   3.5636e-05            1  -0.00101702
           0            0            0            1
Current pose: 
           1 -4.44988e-05 -1.82213e-05  -0.00180799
 4.44981e-05            1 -3.71277e-05  0.000769919
  1.8223e-05  3.71269e-05            1  -0.00083725
           0            0            0            1
Current pose: 
           1 -7.08289e-05 -1.44263e-05  -0.00441844
 7.08285e-05            1  -3.3164e-05   0.00479038
 1.44286e-05  3.31629e-05            1 -0.000520507
           0            0            0            1
Current pose: 
           1 -4.09699e-05 -1.34179e-05   0.00076644
 4.09695e-05            1 -3.10977e-05   0.00233893
 1.34191e-05  3.10972e-05            1 -0.000724962
           0            0            0            1
Current pose: 
           1 -7.04499e-05 -1.86124e-05  0.000883595
 7.04493e-05            1 -3.33247e-05  0.000511814
 1.86148e-05  3.33234e-05            1 -0.000494664
           0            0            0            1
Current pose: 
           1 -8.94054e-05 -2.78361e-05   0.00132625
 8.94043e-05            1 -4.11235e-05    0.0011709
 2.78398e-05   4.1121e-05            1  -0.00105759
           0            0            0            1
Current pose: 
           1 -9.44028e-05 -3.26871e-05    0.0037724
  9.4401e-05            1 -5.46018e-05   -0.0004163
 3.26923e-05  5.45987e-05            1  -0.00132539
           0            0            0            1
Current pose: 
           1 -4.56481e-05 -2.79891e-05  0.000893665
 4.56466e-05            1 -5.63401e-05  0.000883606
 2.79916e-05  5.63388e-05            1  -0.00162817
           0            0            0            1
Current pose: 
           1 -0.000101624 -2.81538e-05   0.00198725
 0.000101623            1 -5.20708e-05   0.00142508
 2.81591e-05   5.2068e-05            1   -0.0012339
           0            0            0            1
Current pose: 
           1 -6.56181e-05  -1.9264e-05  0.000502488
 6.56174e-05            1 -3.95185e-05 -0.000130398
 1.92666e-05  3.95172e-05            1 -0.000985522
           0            0            0            1
Current pose: 
           1 -6.82641e-05  -3.0195e-05   0.00111272
 6.82626e-05            1  -5.1613e-05   0.00153618
 3.01985e-05   5.1611e-05            1  -0.00116875
           0            0            0            1
Current pose: 
           1 -8.15672e-05 -1.38181e-05 -0.000441973
 8.15668e-05            1 -2.88695e-05   0.00225857
 1.38205e-05  2.88683e-05            1 -0.000875251
           0            0            0            1
Current pose: 
           1 -2.95597e-05 -1.74905e-05  -0.00273453
 2.95591e-05            1 -3.78496e-05   0.00394138
 1.74916e-05  3.78491e-05            1 -0.000827221
           0            0            0            1
Current pose: 
           1 -6.28498e-05  -1.5329e-05  -0.00412831
 6.28494e-05            1 -2.83599e-05   0.00211709
 1.53308e-05  2.83589e-05            1 -0.000343481
           0            0            0            1
Current pose: 
           1 -5.55225e-05 -1.99788e-05  -0.00107139
 5.55217e-05            1 -3.89554e-05   0.00340008
  1.9981e-05  3.89543e-05            1  -0.00103447
           0            0            0            1
Current pose: 
           1 -4.80169e-05  -2.4759e-05 -0.000261273
 4.80158e-05            1 -4.41879e-05   0.00145408
 2.47611e-05  4.41867e-05            1  -0.00126163
           0            0            0            1
Current pose: 
           1 -3.83162e-05 -1.73355e-05  -0.00296333
 3.83156e-05            1 -3.19825e-05  0.000850576
 1.73367e-05  3.19818e-05            1 -0.000758826
           0            0            0            1
Current pose: 
           1 -5.39114e-05 -2.05162e-05 -8.80214e-05
 5.39106e-05            1 -3.62822e-05   0.00171187
 2.05182e-05  3.62811e-05            1 -0.000585303
           0            0            0            1
Current pose: 
           1 -0.000116858 -1.50569e-05   0.00295553
 0.000116858            1 -3.05458e-05  -0.00499848
 1.50605e-05  3.05441e-05            1 -0.000370538
           0            0            0            1
Current pose: 
           1 -4.26044e-05 -2.28547e-05  -0.00314361
 4.26036e-05            1 -3.67748e-05  0.000942021
 2.28563e-05  3.67738e-05            1 -0.000606318
           0            0            0            1
Current pose: 
           1 -9.15089e-05 -1.82779e-05   -0.0011012
 9.15083e-05            1 -2.98129e-05  9.02134e-05
 1.82806e-05  2.98112e-05            1 -0.000540179
           0            0            0            1
Current pose: 
           1 -0.000112556 -1.46569e-05  0.000763918
 0.000112555            1 -2.33732e-05   0.00244271
 1.46595e-05  2.33716e-05            1  6.43319e-05
           0            0            0            1
Current pose: 
           1 -5.66461e-05 -1.23832e-05  0.000614873
 5.66458e-05            1 -2.27035e-05   0.00254612
 1.23845e-05  2.27028e-05            1  -0.00032487
           0            0            0            1
Current pose: 
           1 -8.99873e-05 -1.52793e-05   0.00140713
 8.99868e-05            1 -3.08297e-05   -0.0016128
 1.52821e-05  3.08283e-05            1 -0.000537464
           0            0            0            1
Current pose: 
           1 -8.77834e-05 -2.62157e-05   0.00224115
 8.77821e-05            1 -5.00853e-05  0.000172256
 2.62201e-05   5.0083e-05            1  -0.00149283
           0            0            0            1
Current pose: 
           1 -7.99169e-05 -2.06265e-05   0.00228185
 7.99161e-05            1  -3.7585e-05  -0.00132546
 2.06296e-05  3.75833e-05            1  -0.00100441
           0            0            0            1
Current pose: 
           1 -6.55615e-05 -1.40313e-05   0.00247965
  6.5561e-05            1   -3.174e-05  -0.00305175
 1.40334e-05  3.17391e-05            1 -0.000102305
           0            0            0            1
Current pose: 
           1  -7.4981e-05 -2.21416e-05  0.000771138
 7.49801e-05            1 -4.32171e-05  0.000220866
 2.21448e-05  4.32155e-05            1 -0.000616641
           0            0            0            1
Current pose: 
           1 -7.12291e-05 -2.85707e-05 -0.000208843
 7.12276e-05            1 -5.27592e-05    0.0019447
 2.85745e-05  5.27572e-05            1  -0.00116611
           0            0            0            1
Current pose: 
           1   -4.724e-05 -2.67784e-05 -0.000755743
 4.72388e-05            1 -4.44946e-05   0.00059254
 2.67806e-05  4.44933e-05            1  -0.00109597
           0            0            0            1
Current pose: 
           1 -7.74397e-05 -2.07613e-05 -0.000803046
  7.7439e-05            1 -3.72107e-05   0.00215268
 2.07642e-05  3.72091e-05            1 -0.000701639
           0            0            0            1
Current pose: 
           1 -5.51665e-05 -2.01115e-05 -0.000234771
 5.51657e-05            1 -4.15384e-05 -0.000572511
 2.01138e-05  4.15373e-05            1  -0.00108567
           0            0            0            1
Current pose: 
           1 -7.54183e-05 -2.36902e-05  0.000128941
 7.54174e-05            1 -4.16682e-05   0.00146302
 2.36934e-05  4.16664e-05            1 -0.000942844
           0            0            0            1
Current pose: 
           1 -6.51483e-05 -2.68457e-05  -0.00027077
 6.51471e-05            1 -4.20442e-05 -0.000265629
 2.68485e-05  4.20424e-05            1 -0.000586455
           0            0            0            1
Current pose: 
           1 -2.01406e-05 -2.09079e-05  0.000755368
 2.01399e-05            1 -3.27712e-05  -0.00115211
 2.09086e-05  3.27707e-05            1 -0.000641373
           0            0            0            1
Current pose: 
           1 -6.05143e-05 -3.82836e-05  8.15813e-05
 6.05119e-05            1 -6.12301e-05  0.000473452
 3.82873e-05  6.12278e-05            1  -0.00133624
           0            0            0            1
Current pose: 
           1 -6.55772e-05 -1.62392e-05  -0.00148298
 6.55768e-05            1 -2.28455e-05 -0.000648244
 1.62407e-05  2.28444e-05            1 -0.000131247
           0            0            0            1
Current pose: 
           1 -4.47932e-05 -1.88957e-05  0.000443453
 4.47926e-05            1 -3.34741e-05 -0.000755571
 1.88972e-05  3.34733e-05            1  -0.00064155
           0            0            0            1
Current pose: 
           1 -5.06396e-05 -2.60382e-05 -0.000177665
 5.06384e-05            1 -4.47541e-05   0.00203225
 2.60404e-05  4.47528e-05            1  -0.00143568
           0            0            0            1
Current pose: 
           1  -7.2711e-05 -1.88443e-05  -0.00159515
 7.27104e-05            1 -3.48269e-05   0.00331344
 1.88469e-05  3.48255e-05            1 -0.000647707
           0            0            0            1
Current pose: 
           1 -4.76825e-05 -1.50646e-05  -0.00179291
 4.76821e-05            1 -2.68778e-05  0.000337287
 1.50659e-05   2.6877e-05            1 -0.000199815
           0            0            0            1
Current pose: 
           1 -6.63347e-05 -1.65339e-05   0.00131871
 6.63341e-05            1 -3.40421e-05  -0.00220621
 1.65362e-05   3.4041e-05            1 -0.000725655
           0            0            0            1
Current pose: 
           1 -6.62775e-05 -2.40656e-05  0.000872054
 6.62765e-05            1 -4.10399e-05 -9.44348e-05
 2.40683e-05  4.10383e-05            1 -0.000995076
           0            0            0            1
Current pose: 
           1 -8.03877e-05 -1.52675e-05 -0.000185781
 8.03873e-05            1 -2.77113e-05 -0.000378927
 1.52697e-05  2.77101e-05            1 -0.000230017
           0            0            0            1
Current pose: 
           1 -7.58759e-05 -1.46924e-05  -0.00133969
 7.58755e-05            1 -2.94131e-05   0.00122132
 1.46946e-05   2.9412e-05            1 -0.000486194
           0            0            0            1
Current pose: 
           1 -4.76632e-05  -1.8094e-05  -0.00197804
 4.76626e-05            1   -3.494e-05   0.00161641
 1.80957e-05  3.49392e-05            1 -0.000735828
           0            0            0            1
Current pose: 
           1 -5.42616e-05 -2.17209e-05  -0.00152988
 5.42608e-05            1 -3.62142e-05  0.000225332
 2.17228e-05   3.6213e-05            1 -0.000868474
           0            0            0            1
Current pose: 
           1 -4.67303e-05 -2.42268e-05  9.88134e-05
 4.67293e-05            1 -4.45834e-05   0.00115128
 2.42289e-05  4.45823e-05            1 -0.000959466
           0            0            0            1
Current pose: 
           1 -3.99378e-05 -3.01177e-05   -0.0027799
 3.99363e-05            1 -5.16627e-05   0.00146165
 3.01197e-05  5.16615e-05            1  -0.00136349
           0            0            0            1
Current pose: 
           1 -3.37157e-05 -3.00071e-05  9.29256e-05
  3.3714e-05            1 -5.58355e-05  0.000772485
  3.0009e-05  5.58345e-05            1  -0.00175593
           0            0            0            1
Current pose: 
           1 -6.23596e-05 -2.25158e-05 -0.000368354
 6.23586e-05            1 -4.16889e-05  6.91738e-05
 2.25184e-05  4.16875e-05            1  -0.00120146
           0            0            0            1
Current pose: 
           1 -6.39378e-05 -1.44009e-05   0.00116584
 6.39375e-05            1 -2.51218e-05 -0.000353802
 1.44025e-05  2.51208e-05            1 -0.000145645
           0            0            0            1
Current pose: 
           1 -6.19726e-05 -3.02212e-05  0.000564404
 6.19708e-05            1  -5.8333e-05   0.00144721
 3.02249e-05  5.83312e-05            1  -0.00174348
           0            0            0            1
Current pose: 
           1 -7.56727e-05 -2.05763e-05   0.00231883
 7.56718e-05            1 -4.15013e-05 -0.000408711
 2.05795e-05  4.14997e-05            1 -0.000899166
           0            0            0            1
Current pose: 
           1 -3.61364e-05 -1.59012e-05  -0.00180628
 3.61358e-05            1 -3.40923e-05  0.000717405
 1.59024e-05  3.40917e-05            1 -0.000733164
           0            0            0            1
Current pose: 
           1 -4.91585e-05 -1.73348e-05 -0.000217622
 4.91579e-05            1 -3.38269e-05   0.00147552
 1.73365e-05   3.3826e-05            1 -0.000760194
           0            0            0            1
Current pose: 
           1 -6.10859e-05 -1.70724e-05   0.00268435
 6.10854e-05            1 -3.34502e-05  0.000642958
 1.70745e-05  3.34491e-05            1 -0.000495324
           0            0            0            1
Current pose: 
           1 -7.51332e-05 -2.40912e-05   0.00191352
 7.51322e-05            1 -4.05686e-05  0.000921525
 2.40943e-05  4.05668e-05            1  -0.00113252
           0            0            0            1
Current pose: 
           1  -4.6177e-05 -1.60777e-05  -0.00145531
 4.61764e-05            1 -3.58388e-05  0.000287442
 1.60794e-05   3.5838e-05            1 -0.000911494
           0            0            0            1
Current pose: 
           1 -2.22308e-05 -2.63631e-05   0.00110584
 2.22295e-05            1 -4.76225e-05 -7.36873e-05
 2.63641e-05  4.76219e-05            1  -0.00135866
           0            0            0            1
Current pose: 
           1 -5.04978e-05 -2.11652e-05  -0.00187998
 5.04969e-05            1 -4.29296e-05  0.000983607
 2.11674e-05  4.29285e-05            1  -0.00141303
           0            0            0            1
Current pose: 
           1 -8.24808e-05 -1.71263e-05 -0.000884198
 8.24801e-05            1 -3.73276e-05  0.000707436
 1.71293e-05  3.73262e-05            1 -0.000622946
           0            0            0            1
Current pose: 
           1 -6.15588e-05 -2.34437e-05  0.000999508
 6.15577e-05            1 -4.40943e-05  0.000142381
 2.34464e-05  4.40928e-05            1  -0.00106641
           0            0            0            1
Current pose: 
           1 -4.72615e-05 -2.66253e-05  -0.00207553
 4.72603e-05            1 -4.61996e-05   0.00185823
 2.66275e-05  4.61983e-05            1  -0.00108561
           0            0            0            1
Current pose: 
           1 -6.49495e-05 -2.81929e-05   0.00344262
 6.49482e-05            1 -4.89786e-05  -0.00107464
 2.81961e-05  4.89767e-05            1  -0.00109808
           0            0            0            1
Current pose: 
           1 -9.84639e-05 -6.93303e-06   0.00105954
 9.84639e-05            1 -1.30754e-05 -0.000988147
 6.93432e-06  1.30748e-05            1  0.000214934
           0            0            0            1
Current pose: 
           1 -6.14792e-05 -1.43928e-05  0.000561175
 6.14788e-05            1 -2.98045e-05 -0.000361205
 1.43947e-05  2.98036e-05            1 -0.000347336
           0            0            0            1
Current pose: 
           1 -5.88465e-05  -2.2814e-05  0.000232497
 5.88455e-05            1 -4.05782e-05     0.002132
 2.28164e-05  4.05768e-05            1  -0.00071356
           0            0            0            1
Current pose: 
           1 -9.25591e-05 -2.02716e-05   0.00138364
 9.25583e-05            1 -3.93556e-05 -0.000681738
 2.02752e-05  3.93537e-05            1 -0.000849823
